1.335679098701803014e-05 1.543418504297733307e-03 8.221512543968856335e-04 2.079509431496262550e-04 3.228258356102742255e-05 8.290269033750519156e-05 8.329312549903988838e-05 4.826969598070718348e-05 1.093222308554686606e-04 2.304853842360898852e-04 3.756352525670081377e-04 2.054782089544460177e-04 7.500529318349435925e-05 1.636376691749319434e-04 1.190283292089588940e-04 6.240892253117635846e-05 2.005972928600385785e-04 1.627689489396288991e-04 1.343925105175003409e-04 6.405917520169168711e-05 5.012713154428638518e-05 8.638013969175517559e-05 5.832027454744093120e-05 5.064843935542739928e-05 4.599066960508935153e-05 6.251351442188024521e-05 8.198855357477441430e-05 9.281100210500881076e-05 8.781128417467698455e-05 1.394465743942419067e-05 1.681101275607943535e-05 1.233978400705382228e-05 1.570676067785825580e-05 2.492313069524243474e-05 3.699510489241220057e-05 7.307590567506849766e-05 4.301502485759556293e-05 1.360060268780216575e-04 1.222068240167573094e-04 3.851575456792488694e-05 2.131553810613695532e-05 3.439720967435277998e-05 2.332305302843451500e-05 3.369367550476454198e-05 2.291579730808734894e-04 4.216570596327073872e-05 5.520160266314633191e-05 2.896873775171115994e-05 2.009701529459562153e-05 1.940608308359514922e-05 3.524325074977241457e-05 3.860796277876943350e-05 3.912575266440398991e-05 3.154541991534642875e-05 3.431657023611478508e-05 1.181480838567949831e-04 4.283710222807712853e-05 3.486904824967496097e-05 3.415760511416010559e-05 3.639780697994865477e-05 6.797110836487263441e-05 2.963363112939987332e-05 3.777361780521459877e-05 6.147601379780098796e-05 2.709233376663178205e-04 2.241862966911867261e-04 1.174991717562079430e-03 1.051311381161212921e-03 1.051596249453723431e-03 1.301123853772878647e-02 6.704207062721252441e-01
1.543418504297733307e-03 9.121376024268101901e-06 1.547728665173053741e-03 2.502756251487880945e-04 2.398118376731872559e-04 3.557829477358609438e-04 9.572046110406517982e-05 5.735494414693675935e-05 7.166858995333313942e-05 1.469500421080738306e-04 6.384574953699484468e-05 1.961698399099987000e-05 5.116961619933135808e-05 4.138076110393740237e-05 2.870319440262392163e-05 3.788457979680970311e-05 6.220973591553047299e-05 7.190428004832938313e-05 4.525066469796001911e-05 3.031056257896125317e-05 2.270962613692972809e-05 1.729767245706170797e-05 1.594554123585112393e-05 1.306318063143407926e-05 2.937395220214966685e-05 2.160513577109668404e-05 6.050849697203375399e-05 4.492779771680943668e-05 1.467675156163750216e-05 8.954114491643849760e-06 1.108692958950996399e-05 1.223867275257362053e-05 4.545279443846084177e-05 6.308768206508830190e-05 4.208404861856251955e-04 2.199275768361985683e-04 5.712671554647386074e-05 1.548346917843446136e-04 1.671129139140248299e-04 1.768646870914380997e-05 7.641089723620098084e-06 9.177590072795283049e-06 1.869214793259743601e-05 1.753211654431652278e-05 3.523071063682436943e-05 1.708397940092254430e-05 1.268969936063513160e-05 1.025891469907946885e-05 9.168175893137231469e-06 9.230711839336436242e-06 9.141419468505773693e-06 1.706999682937748730e-05 1.349981084786122665e-05 2.190730265283491462e-05 1.040870938595617190e-05 1.375037300022086129e-05 1.114143469749251381e-05 1.540653465781360865e-05 3.487898356979712844e-05 5.203795080888085067e-05 1.312822769250487909e-05 2.680824400158599019e-05 6.231999577721580863e-05 1.021918433252722025e-04 3.954047861043363810e-04 7.902023498900234699e-04 5.909666069783270359e-04 1.171638607047498226e-03 5.414737854152917862e-03 8.424644470214843750e-01 3.339990600943565369e-02
8.221512543968856335e-04 1.547728665173053741e-03 9.884225619316566736e-06 1.711057964712381363e-03 2.174793975427746773e-03 9.682693053036928177e-04 7.557330536656081676e-04 2.553216181695461273e-04 4.331105155870318413e-04 2.079698489978909492e-03 2.408874388493131846e-05 4.314552279538474977e-05 5.833470277138985693e-05 3.194102100678719580e-05 2.334798773517832160e-05 3.785829176194965839e-05 6.779288378311321139e-05 3.284900230937637389e-05 3.571490378817543387e-05 4.154974885750561953e-05 4.155348869971930981e-05 4.434267248143441975e-05 1.878454713732935488e-05 1.672784310358110815e-05 1.961718080565333366e-03 3.005330472660716623e-05 5.942865755059756339e-05 5.646376303047873080e-05 1.047806654241867363e-05 1.051186609402066097e-05 1.733836870698723942e-05 1.832642192312050611e-05 9.284607222070917487e-05 4.154877678956836462e-04 1.101165180443786085e-04 1.436571037629619241e-04 1.373455306747928262e-04 1.008189166896045208e-03 2.703796199057251215e-04 5.737223546020686626e-05 7.639812793058808893e-06 1.120002616517012939e-05 1.409363267157459632e-05 1.312470431003021076e-05 1.510497986600967124e-05 2.753632179519627243e-05 1.039981725625693798e-05 8.815254659566562623e-06 8.641265594633296132e-06 1.013832570606609806e-05 1.053689356922404841e-05 1.532933129055891186e-05 2.097579817927908152e-05 1.726630034681875259e-05 1.109591994463698938e-05 1.020938725559972227e-05 8.964584594650659710e-06 3.509950693114660680e-05 4.852007259614765644e-05 1.906422221509274095e-05 3.802144055953249335e-05 1.351565151708200574e-04 2.313569857506081462e-04 4.891332937404513359e-04 1.125821494497358799e-03 1.250280882231891155e-03 2.284792717546224594e-03 5.217453464865684509e-03 9.005416035652160645e-01 2.598054148256778717e-02 2.717471448704600334e-03
2.079509431496262550e-04 2.502756251487880945e-04 1.711057964712381363e-03 1.148816136264940724e-05 1.489554997533559799e-02 1.475989236496388912e-03 4.126531537622213364e-03 9.256719611585140228e-03 3.843188984319567680e-03 7.578251097584143281e-05 3.620078859967179596e-05 8.945177978603169322e-05 6.630337884416803718e-05 2.287453935423400253e-05 2.535638486733660102e-05 2.606445341370999813e-04 2.076410601148381829e-05 2.003794179472606629e-05 7.871286652516573668e-05 4.364720734884031117e-05 5.254162897472269833e-05 5.011933171772398055e-05 2.188218786614015698e-05 3.653401654446497560e-05 5.694590436178259552e-05 1.661692658672109246e-05 2.873351149901282042e-05 2.486589983163867146e-05 7.858014214434660971e-06 9.279993719246704131e-06 1.701301334833260626e-05 3.204258246114477515e-05 8.154138777172192931e-05 1.845861435867846012e-03 5.931583582423627377e-04 2.452192129567265511e-04 8.755460730753839016e-04 4.375647753477096558e-03 1.795499847503378987e-04 2.905059409386012703e-05 9.874997886072378606e-06 1.129099382524145767e-05 1.044657983584329486e-05 8.100266313704196364e-06 1.014399094856344163e-05 2.266185765620321035e-05 8.389808499487116933e-06 8.825071745377499610e-06 7.313934020203305408e-06 8.061043445195537060e-06 9.844993655860889703e-06 1.757885002007242292e-05 3.180546627845615149e-05 1.327964491792954504e-05 9.072568900592159480e-06 1.134062404162250459e-05 1.166858146461891010e-05 1.049147977028042078e-04 3.477699283394031227e-05 3.100041431025601923e-05 2.812157617881894112e-05 5.207682843320071697e-04 2.509143378119915724e-04 1.380056142807006836e-03 2.164995064958930016e-03 3.147473558783531189e-02 1.040836051106452942e-02 8.796437382698059082e-01 2.040573954582214355e-02 1.277294009923934937e-03 7.638541137566789985e-05
3.228258356102742255e-05 2.398118376731872559e-04 2.174793975427746773e-03 1.489554997533559799e-02 1.117505144065944478e-05 6.628660019487142563e-03 1.030689105391502380e-02 7.253792602568864822e-03 4.181186668574810028e-03 3.316836955491453409e-04 2.553204249124974012e-04 4.504591925069689751e-04 8.989987691165879369e-05 7.668350735912099481e-05 6.450251094065606594e-04 3.593632936826907098e-05 5.210130257182754576e-05 1.447666872991248965e-04 1.783486222848296165e-04 2.028791932389140129e-04 3.224485844839364290e-04 1.440310152247548103e-04 5.253764684312045574e-04 3.659686772152781487e-04 2.052482304861769080e-04 8.669183443998917937e-05 1.954338513314723969e-04 4.696490941569209099e-05 1.228837845701491460e-05 2.428897096251603216e-05 5.872195106348954141e-05 1.908711419673636556e-05 4.477833863347768784e-04 1.500250888057053089e-03 7.941371761262416840e-03 2.391189569607377052e-03 2.109985100105404854e-03 6.663874373771250248e-04 1.170482835732400417e-03 5.234068376012146473e-04 7.606029248563572764e-05 1.944521318364422768e-05 1.030712792271515355e-05 1.946543306985404342e-05 3.059507798752747476e-05 2.339569073228631169e-05 2.101722930092364550e-05 1.136318405769998208e-05 1.120289834943832830e-05 1.206158049171790481e-05 1.882045944512356073e-05 8.308440446853637695e-04 2.015393147303257138e-05 1.339673326583579183e-05 1.289731153519824147e-05 1.825932486099191010e-05 1.000893462332896888e-04 6.709572335239499807e-05 4.485855242819525301e-05 9.789915202418342233e-05 4.243289877194911242e-04 1.202445593662559986e-03 3.693675389513373375e-03 8.455617353320121765e-03 6.304437667131423950e-02 5.187962576746940613e-02 6.110307574272155762e-01 2.252505719661712646e-02 1.403668778948485851e-03 2.242868649773299694e-04 4.016696766484528780e-05
8.290269033750519156e-05 3.557829477358609438e-04 9.682693053036928177e-04 1.475989236496388912e-03 6.628660019487142563e-03 1.004032219498185441e-05 3.219501348212361336e-03 2.496814588084816933e-03 7.960752584040164948e-03 1.130698365159332752e-03 8.577382686780765653e-05 1.085685507860034704e-04 1.394336140947416425e-04 1.666908938204869628e-04 9.996932931244373322e-05 1.006409875117242336e-04 2.733617729973047972e-04 3.404217204661108553e-05 7.390930113615468144e-05 2.488376339897513390e-04 4.815924039576202631e-04 7.352288812398910522e-04 9.814285294851288199e-05 4.261795256752520800e-04 5.733791040256619453e-04 7.568107685074210167e-05 1.842497149482369423e-04 1.283849996980279684e-04 1.656224958423990756e-05 1.041283030644990504e-04 6.558256427524611354e-05 6.343916902551427484e-05 2.326559042558073997e-04 2.869262592867016792e-03 5.806663539260625839e-04 3.597803006414324045e-04 5.738639156334102154e-04 2.424093894660472870e-02 8.122911676764488220e-04 1.546715357108041644e-04 2.896569822041783482e-05 1.352958042843965814e-05 2.672967639227863401e-05 1.697959123703185469e-05 2.314947596460115165e-05 1.280658761970698833e-05 1.578118644829373807e-05 1.116021667257882655e-05 8.255169632320757955e-06 8.785123100096825510e-06 1.478414651501225308e-05 3.329349056002683938e-05 3.205735629308037460e-05 1.711286313366144896e-05 1.280709420825587586e-05 8.109560440061613917e-05 3.174161611241288483e-05 1.174929493572562933e-04 1.737050042720511556e-04 2.164922043448314071e-04 2.026291098445653915e-03 5.964749958366155624e-03 3.657786874100565910e-03 4.032044857740402222e-02 1.110362410545349121e-01 4.435968399047851562e-01 5.204972997307777405e-02 5.441743414849042892e-03 7.839566678740084171e-04 7.848030509194359183e-05 2.982374280691146851e-05
8.329312549903988838e-05 9.572046110406517982e-05 7.557330536656081676e-04 4.126531537622213364e-03 1.030689105391502380e-02 3.219501348212361336e-03 8.525756129529327154e-06 8.195722848176956177e-02 3.474548459053039551e-03 2.001192187890410423e-03 1.313567190663889050e-04 2.599814906716346741e-04 6.940756575204432011e-04 2.514396328479051590e-04 2.391009329585358500e-04 2.399477089056745172e-04 1.621855626581236720e-04 1.388377713738009334e-04 2.796370827127248049e-04 1.683329581283032894e-03 1.572593115270137787e-03 3.869592910632491112e-03 4.156270588282495737e-04 1.990880118682980537e-04 1.374812796711921692e-03 4.123933613300323486e-04 3.229958529118448496e-04 7.288672350114211440e-05 2.513918443582952023e-04 4.607960363500751555e-05 4.898830666206777096e-04 8.910794858820736408e-04 6.947576184757053852e-04 2.878615073859691620e-02 6.054257391951978207e-04 1.027317484840750694e-03 8.513855282217264175e-04 3.951211925595998764e-03 3.104922652710229158e-04 3.099623427260667086e-04 8.658272417960688472e-05 4.355427881819196045e-05 1.155859281425364316e-04 1.947198870766442269e-05 1.832958696468267590e-05 1.032260024658171460e-05 3.257575735915452242e-05 1.401875215378822759e-05 1.216163673234404996e-05 2.183830474677961320e-05 3.263979306211695075e-05 3.115858999080955982e-05 4.437423558556474745e-05 4.074030221090652049e-05 6.740331446053460240e-05 1.169425086118280888e-04 5.152115772943943739e-05 3.452526580076664686e-04 4.071168368682265282e-04 1.066626631654798985e-03 2.604990964755415916e-03 1.907733641564846039e-02 1.770415902137756348e-02 7.344725728034973145e-02 3.033446371555328369e-01 1.992012187838554382e-02 3.355670720338821411e-02 2.688192995265126228e-03 3.261191013734787703e-04 1.921852817758917809e-04 4.553301187115721405e-05
4.826969598070718348e-05 5.735494414693675935e-05 2.553216181695461273e-04 9.256719611585140228e-03 7.253792602568864822e-03 2.496814588084816933e-03 8.195722848176956177e-02 8.934407560445833951e-06 2.252825768664479256e-03 8.766935206949710846e-04 1.009667103062383831e-04 3.379607805982232094e-04 4.746071936096996069e-04 1.320023002335801721e-04 2.000938256969675422e-04 2.329705166630446911e-04 1.545142586110159755e-04 1.821492187445983291e-04 1.346418983303010464e-03 5.607962375506758690e-04 9.265956468880176544e-04 1.450985088013112545e-03 5.471769836731255054e-04 5.126767209731042385e-04 1.853033551014959812e-03 2.649844391271471977e-04 3.182264044880867004e-04 2.132841764250770211e-04 1.775655546225607395e-04 3.041907439182978123e-05 1.667683391133323312e-04 1.190105103887617588e-03 9.247382986359298229e-04 5.236677452921867371e-02 7.584981503896415234e-04 7.319767493754625320e-03 2.209683414548635483e-03 3.021066077053546906e-03 4.513328603934496641e-04 4.086521585122682154e-05 4.789495142176747322e-05 7.458036270691081882e-05 4.081579027115367353e-05 2.021738873736467212e-05 1.674174018262419850e-05 2.204072188760619611e-05 2.604231849545612931e-05 1.400187466060742736e-05 1.431533019058406353e-05 1.627275014470797032e-05 1.050932496582390741e-05 4.997026189812459052e-05 7.402060873573645949e-05 7.793082477292045951e-05 4.954780524712987244e-05 4.088187779416330159e-05 2.135895047103986144e-04 2.549455035477876663e-03 1.211873837746679783e-03 7.277686963789165020e-04 2.813102444633841515e-03 3.966659680008888245e-02 1.825110800564289093e-02 6.998265385627746582e-01 1.784643717110157013e-02 2.504961565136909485e-03 5.168601404875516891e-03 5.977934692054986954e-03 5.563609884120523930e-04 2.193760738009586930e-04 2.076111559290438890e-05
1.093222308554686606e-04 7.166858995333313942e-05 4.331105155870318413e-04 3.843188984319567680e-03 4.181186668574810028e-03 7.960752584040164948e-03 3.474548459053039551e-03 2.252825768664479256e-03 8.923566383600700647e-06 7.210634648799896240e-04 6.349529139697551727e-04 1.511648413725197315e-03 3.366121090948581696e-04 3.034578694496303797e-04 6.411531940102577209e-04 9.247151319868862629e-05 2.106467145495116711e-04 9.364424622617661953e-04 5.387395503930747509e-04 4.707073967438191175e-04 9.459808934479951859e-04 5.379475769586861134e-04 1.454808167181909084e-03 8.137748576700687408e-03 2.129048079950734973e-04 4.399522731546312571e-04 6.430333480238914490e-03 1.133449477492831647e-04 5.212604810367338359e-05 5.706879528588615358e-05 2.918122299888636917e-05 2.335451863473281264e-04 3.855576214846223593e-04 1.222670660354197025e-03 2.977119525894522667e-03 1.897855289280414581e-02 5.067601334303617477e-03 1.742146909236907959e-03 3.701160894706845284e-04 2.812635211739689112e-04 1.219838959514163435e-04 2.354337448196019977e-05 2.553844569774810225e-05 2.555765422584954649e-05 1.094072285923175514e-04 1.960673944267909974e-05 4.182885459158569574e-05 9.695860171632375568e-06 1.461608826502924785e-05 1.186344161396846175e-05 2.735935231612529606e-05 2.764645323622971773e-04 1.919361784530337900e-05 1.561906901770271361e-05 2.053379466815385967e-05 2.918693644460290670e-05 1.488380803493782878e-04 9.260110673494637012e-04 1.222713501192629337e-03 9.625905076973140240e-04 5.340180825442075729e-03 7.136537879705429077e-02 5.285418629646301270e-01 2.876569330692291260e-02 1.866743341088294983e-02 2.992048161104321480e-03 7.193439523689448833e-04 7.416903972625732422e-04 9.612236317479982972e-05 4.106117921764962375e-05 2.693910209927707911e-05
2.304853842360898852e-04 1.469500421080738306e-04 2.079698489978909492e-03 7.578251097584143281e-05 3.316836955491453409e-04 1.130698365159332752e-03 2.001192187890410423e-03 8.766935206949710846e-04 7.210634648799896240e-04 1.000692918751155958e-05 8.394795469939708710e-03 1.303782337345182896e-03 3.049582301173359156e-04 8.453266345895826817e-04 1.278823619941249490e-04 1.086074553313665092e-04 1.477835350669920444e-03 3.282262012362480164e-03 2.014135825447738171e-04 8.289905381388962269e-04 6.014995160512626171e-04 3.065148193854838610e-04 3.851798363029956818e-03 8.079030667431652546e-04 4.594758793246001005e-04 1.299394387751817703e-02 4.189256113022565842e-03 2.765152603387832642e-04 4.212619096506386995e-04 2.825632873282302171e-05 2.851407043635845184e-05 2.403040525678079575e-05 3.095255815424025059e-04 4.984423285350203514e-04 9.472132474184036255e-02 1.170187606476247311e-03 1.163107575848698616e-03 1.832577399909496307e-03 1.712461817078292370e-03 9.928047802532091737e-05 2.893897908506914973e-05 7.194055797299370170e-05 2.774162021523807198e-05 1.809751702239736915e-04 4.984896804671734571e-05 1.854410038504283875e-05 1.597826849319972098e-05 1.152668119175359607e-05 8.584106581110972911e-06 1.168215294455876574e-05 7.355339039349928498e-05 4.573021215037442744e-05 1.583674929861444980e-05 9.994654647016432136e-06 3.732848563231527805e-05 1.392368994856951758e-05 2.553357917349785566e-04 2.179147704737260938e-04 1.202490297146141529e-03 1.360428705811500549e-02 7.365192770957946777e-01 3.340106830000877380e-02 6.968192756175994873e-02 1.025230251252651215e-02 6.630465388298034668e-03 1.666091382503509521e-03 2.042958367383107543e-04 3.503218613332137465e-05 1.834594695537816733e-05 4.373821502667851746e-05 3.624699820647947490e-05
3.756352525670081377e-04 6.384574953699484468e-05 2.408874388493131846e-05 3.620078859967179596e-05 2.553204249124974012e-04 8.577382686780765653e-05 1.313567190663889050e-04 1.009667103062383831e-04 6.349529139697551727e-04 8.394795469939708710e-03 8.550000529794488102e-06 3.056148998439311981e-03 1.221092883497476578e-03 8.496301597915589809e-04 1.647783356020227075e-04 1.417409948771819472e-04 1.542789861559867859e-03 2.408895379630848765e-04 2.051714254776015878e-04 2.613795513752847910e-04 4.974777111783623695e-04 8.592450176365673542e-04 3.045549092348664999e-04 2.147982013411819935e-04 3.198868362233042717e-03 2.616844372823834419e-03 6.690339068882167339e-04 2.614184049889445305e-04 7.800725870765745640e-05 1.077225533663295209e-05 3.255537376389838755e-05 2.714154834393411875e-05 4.608898962032981217e-05 2.070614509284496307e-02 2.073400974040850997e-04 1.932246232172474265e-04 5.890946486033499241e-04 2.613785443827509880e-03 1.933034509420394897e-04 3.500755337881855667e-05 1.276632519875420257e-05 2.942239370895549655e-05 2.036098594544455409e-04 2.471471088938415051e-05 1.822240119508933276e-05 1.696283106866758317e-05 1.270918437512591481e-05 8.187080311472527683e-06 7.379147518804529682e-06 1.050934679369674996e-05 1.198499103338690475e-05 2.046736153715755790e-05 1.126143524743383750e-05 1.786801294656470418e-05 1.131185763370012864e-05 4.066292240167967975e-05 7.047095277812331915e-05 1.085941214114427567e-03 4.708337131887674332e-03 6.754873394966125488e-01 1.663168892264366150e-02 1.839021034538745880e-02 5.062935873866081238e-03 1.437769737094640732e-03 1.409858377883210778e-04 2.951468632090836763e-04 6.967018998693674803e-05 1.369038363918662071e-05 1.297028120461618528e-05 2.891735493903979659e-05 9.964664968720171601e-06
2.054782089544460177e-04 1.961698399099987000e-05 4.314552279538474977e-05 8.945177978603169322e-05 4.504591925069689751e-04 1.085685507860034704e-04 2.599814906716346741e-04 3.379607805982232094e-04 1.511648413725197315e-03 1.303782337345182896e-03 3.056148998439311981e-03 1.114562473958358169e-05 4.646126646548509598e-03 2.779461443424224854e-03 1.261272002011537552e-03 1.873691566288471222e-03 1.600264571607112885e-03 7.014382281340658665e-04 6.943503976799547672e-04 1.363022369332611561e-03 4.874204751104116440e-04 1.783915329724550247e-03 1.449627918191254139e-03 9.024627506732940674e-04 1.859540864825248718e-02 2.465948695316910744e-03 1.992758596315979958e-03 3.445717273280024529e-03 5.121558206155896187e-05 2.203043004556093365e-05 2.696086012292653322e-04 8.034635538933798671e-05 1.103646936826407909e-04 2.543465932831168175e-03 9.592696005711331964e-05 1.636093948036432266e-04 1.850669359555467963e-04 3.546438412740826607e-03 5.170906661078333855e-05 4.909275230602361262e-05 3.509678572299890220e-05 3.498666046652942896e-05 8.216652349801734090e-05 2.174040564568713307e-04 9.720907546579837799e-04 9.687327110441401601e-05 4.994346454623155296e-05 1.695677565294317901e-05 1.333151067228754982e-05 1.075283489626599476e-05 1.945938311109784991e-05 2.701947960304096341e-05 2.041035186266526580e-04 6.356323137879371643e-05 7.632243796251714230e-05 2.189696097047999501e-04 1.968947326531633735e-04 3.294003196060657501e-03 6.817892193794250488e-01 1.092411670833826065e-02 8.107420871965587139e-04 4.869374446570873260e-03 4.529995785560458899e-04 5.567103507928550243e-04 9.056026465259492397e-04 1.824166829464957118e-04 6.013426536810584366e-05 2.306369424331933260e-05 1.282050197914941236e-05 1.331565454165684059e-05 1.433042689313879237e-05
7.500529318349435925e-05 5.116961619933135808e-05 5.833470277138985693e-05 6.630337884416803718e-05 8.989987691165879369e-05 1.394336140947416425e-04 6.940756575204432011e-04 4.746071936096996069e-04 3.366121090948581696e-04 3.049582301173359156e-04 1.221092883497476578e-03 4.646126646548509598e-03 9.476261766394600272e-06 4.025681689381599426e-02 6.127946078777313232e-03 3.733364865183830261e-03 7.354452391155064106e-04 1.000216347165405750e-03 1.023117732256650925e-02 6.904637906700372696e-03 7.520631421357393265e-03 3.014750080183148384e-03 3.148624906316399574e-03 1.155676692724227905e-02 4.938500467687845230e-03 1.340176314115524292e-01 6.804394125938415527e-01 1.379017252475023270e-03 6.245976692298427224e-05 1.139645246439613402e-04 1.529273686173837632e-05 1.218803299707360566e-05 5.905827856622636318e-05 2.122359146596863866e-04 1.178006175905466080e-03 6.510252715088427067e-04 4.664896114263683558e-04 5.879864911548793316e-04 5.627071368508040905e-05 9.050474182004109025e-05 2.281940578541252762e-05 1.880363379314076155e-05 1.840251024987082928e-05 2.017845545196905732e-04 1.805297099053859711e-02 1.218072255142033100e-03 2.077557583106681705e-04 4.183085184195078909e-05 1.318051818088861182e-05 1.956059350050054491e-05 3.995308725279755890e-05 4.935266915708780289e-04 8.042196714086458087e-05 2.015829231822863221e-04 1.663774019107222557e-04 1.722946035442873836e-04 2.782728755846619606e-03 2.290860563516616821e-02 3.708957461640238762e-03 7.791180978529155254e-04 9.504728950560092926e-04 4.826583026442676783e-04 1.629307662369683385e-04 2.156212431145831943e-04 4.413591232150793076e-04 1.794756535673514009e-04 5.496649828273802996e-05 2.267614763695746660e-05 8.882583642844110727e-06 1.531342604721430689e-05 1.714394056762102991e-05
1.636376691749319434e-04 4.138076110393740237e-05 3.194102100678719580e-05 2.287453935423400253e-05 7.668350735912099481e-05 1.666908938204869628e-04 2.514396328479051590e-04 1.320023002335801721e-04 3.034578694496303797e-04 8.453266345895826817e-04 8.496301597915589809e-04 2.779461443424224854e-03 4.025681689381599426e-02 1.219961995957419276e-05 4.389633424580097198e-03 1.463514636270701885e-03 1.278075040318071842e-03 1.033446635119616985e-03 2.987798536196351051e-03 6.168032065033912659e-03 7.347177714109420776e-03 7.710313890129327774e-03 1.876798574812710285e-03 1.403746311552822590e-03 1.557126920670270920e-02 4.530105590820312500e-01 5.951934959739446640e-03 3.114365739747881889e-03 3.958568442612886429e-03 4.445941522135399282e-05 3.230802030884660780e-05 1.901856885524466634e-04 4.003309004474431276e-05 2.613453834783285856e-04 1.853424910223111510e-04 7.585294952150434256e-05 4.803325573448091745e-04 1.402937341481447220e-03 3.497451543807983398e-04 1.449835417588474229e-05 1.113617236114805564e-05 1.586213511473033577e-05 9.427123586647212505e-05 9.830953786149621010e-05 3.452230012044310570e-04 6.328689632937312126e-04 2.098627883242443204e-04 4.849394099437631667e-05 4.685207022703252733e-05 4.269646524335257709e-05 1.352824765490368009e-04 3.135681618005037308e-04 2.902226697187870741e-04 6.154207512736320496e-04 8.232735563069581985e-04 2.148521831259131432e-03 2.469359338283538818e-02 1.619626651518046856e-03 1.059921574778854847e-03 2.178853144869208336e-03 4.657345998566597700e-04 2.406257408438250422e-04 5.533489165827631950e-04 8.639501902507618070e-05 5.043680357630364597e-05 1.737317506922408938e-04 1.804125895432662219e-05 2.119992677762638777e-05 2.119558484992012382e-05 1.041936411638744175e-04 3.492876930977217853e-05
1.190283292089588940e-04 2.870319440262392163e-05 2.334798773517832160e-05 2.535638486733660102e-05 6.450251094065606594e-04 9.996932931244373322e-05 2.391009329585358500e-04 2.000938256969675422e-04 6.411531940102577209e-04 1.278823619941249490e-04 1.647783356020227075e-04 1.261272002011537552e-03 6.127946078777313232e-03 4.389633424580097198e-03 9.557997145748231560e-06 3.356353379786014557e-03 1.784786465577781200e-03 3.728417912498116493e-03 2.195618813857436180e-03 2.816285006701946259e-03 1.223807502537965775e-02 6.277311127632856369e-03 1.169228111393749714e-03 7.411103695631027222e-03 3.680897951126098633e-01 3.409273223951458931e-03 9.642657241784036160e-04 4.443865735083818436e-03 2.464546996634453535e-04 3.012637898791581392e-05 4.536760752671398222e-05 1.111840610974468291e-04 5.071589839644730091e-05 4.714955866802483797e-04 6.229698919923976064e-05 7.485406240448355675e-05 5.531345959752798080e-05 3.082044655457139015e-03 2.944335756183136255e-05 1.064369553205324337e-05 9.762215086084324867e-06 1.592887565493583679e-05 3.174182493239641190e-04 1.244905142812058330e-04 1.597674272488802671e-04 4.535486223176121712e-04 8.435277850367128849e-04 4.694069793913513422e-04 6.117144221207126975e-05 1.095362822525203228e-04 1.539375516586005688e-04 2.324478002265095711e-03 2.036324469372630119e-03 4.528195131570100784e-03 3.202441148459911346e-03 7.809665054082870483e-02 1.272522029466927052e-03 2.027701586484909058e-03 2.222935669124126434e-03 7.440706249326467514e-04 9.106521029025316238e-04 6.594138103537261486e-04 5.011031680624000728e-05 4.068211273988708854e-05 1.173732089227996767e-04 3.039017610717564821e-05 3.393758015590719879e-05 3.396336251171305776e-05 2.106119791278615594e-05 5.302998761180788279e-05 1.240671826963080093e-05
6.240892253117635846e-05 3.788457979680970311e-05 3.785829176194965839e-05 2.606445341370999813e-04 3.593632936826907098e-05 1.006409875117242336e-04 2.399477089056745172e-04 2.329705166630446911e-04 9.247151319868862629e-05 1.086074553313665092e-04 1.417409948771819472e-04 1.873691566288471222e-03 3.733364865183830261e-03 1.463514636270701885e-03 3.356353379786014557e-03 9.462299203732982278e-06 6.552762817591428757e-03 4.640372470021247864e-03 1.125249359756708145e-02 5.528315901756286621e-03 2.769115148112177849e-03 1.420977059751749039e-03 3.707779943943023682e-02 4.763784110546112061e-01 2.044513123109936714e-03 2.099812496453523636e-03 1.357239205390214920e-02 1.818792807171121240e-04 3.392415965208783746e-05 4.222274219500832260e-05 1.465203877160092816e-05 2.326050162082538009e-05 3.704033588292077184e-05 2.208470832556486130e-04 9.135115396929904819e-05 1.097808490158058703e-04 2.655236748978495598e-04 8.451112080365419388e-05 1.925371907418593764e-05 9.410382517671678215e-06 1.201387840410461649e-05 1.431719192623859271e-05 5.086776582174934447e-05 2.862326073227450252e-05 4.635753575712442398e-04 2.667736553121358156e-04 5.017413641326129436e-04 3.377685789018869400e-04 6.111582624725997448e-04 3.811111382674425840e-04 1.767239067703485489e-03 9.071060456335544586e-03 1.024825382046401501e-03 8.607943891547620296e-04 9.156950563192367554e-02 1.514204195700585842e-03 8.826786652207374573e-04 8.966518216766417027e-04 2.504464937373995781e-04 2.060959668597206473e-04 4.524805117398500443e-04 1.578541414346545935e-04 2.121849684044718742e-05 1.452332217013463378e-04 1.653074286878108978e-04 1.150828029494732618e-04 7.931887375889346004e-05 1.443489327357383445e-05 2.163451608794275671e-05 1.613845415704417974e-05 1.726886330288834870e-05
2.005972928600385785e-04 6.220973591553047299e-05 6.779288378311321139e-05 2.076410601148381829e-05 5.210130257182754576e-05 2.733617729973047972e-04 1.621855626581236720e-04 1.545142586110159755e-04 2.106467145495116711e-04 1.477835350669920444e-03 1.542789861559867859e-03 1.600264571607112885e-03 7.354452391155064106e-04 1.278075040318071842e-03 1.784786465577781200e-03 6.552762817591428757e-03 1.093632909032749012e-05 7.217710372060537338e-03 7.981033064424991608e-03 2.940842323005199432e-02 2.861468819901347160e-03 7.705407682806253433e-03 3.310444056987762451e-01 9.696490131318569183e-03 2.183557022362947464e-03 1.452049240469932556e-02 5.027569714002311230e-04 1.891627907752990723e-04 1.038060363498516381e-04 2.366270018683280796e-05 2.915063851105514914e-05 2.690263681870419532e-05 1.065585747710429132e-04 2.941667044069617987e-04 5.757496692240238190e-04 2.178552240366116166e-04 1.378341839881613851e-04 6.836622924311086535e-05 3.451903103268705308e-05 1.626225093787070364e-05 1.287076065636938438e-05 2.736278656811919063e-05 1.776529643393587321e-05 1.476269681006669998e-04 5.757228427683003247e-05 5.962139111943542957e-04 4.077898047398775816e-04 5.413038306869566441e-04 1.114134560339152813e-03 5.921541596762835979e-04 2.058386616408824921e-02 6.198233366012573242e-02 1.976665109395980835e-03 2.601884119212627411e-02 3.574424656108021736e-03 1.156353275291621685e-03 9.688048157840967178e-04 4.351213865447789431e-04 2.018506784224882722e-04 3.044453915208578110e-04 3.846572071779519320e-04 1.257240655831992626e-04 4.847388772759586573e-04 1.471493742428719997e-04 1.727745839161798358e-04 1.088430508389137685e-04 2.302785287611186504e-05 1.608604907232802361e-05 1.544251972518395633e-05 4.875773447565734386e-05 2.623252839839551598e-05
1.627689489396288991e-04 7.190428004832938313e-05 3.284900230937637389e-05 2.003794179472606629e-05 1.447666872991248965e-04 3.404217204661108553e-05 1.388377713738009334e-04 1.821492187445983291e-04 9.364424622617661953e-04 3.282262012362480164e-03 2.408895379630848765e-04 7.014382281340658665e-04 1.000216347165405750e-03 1.033446635119616985e-03 3.728417912498116493e-03 4.640372470021247864e-03 7.217710372060537338e-03 9.810129995457828045e-06 5.713105201721191406e-03 6.360698956996202469e-03 1.612846367061138153e-02 9.441781044006347656e-02 3.480453277006745338e-03 3.290906781330704689e-03 1.929017342627048492e-02 1.042621210217475891e-03 2.150229556718841195e-04 3.031685482710599899e-04 8.533650543540716171e-05 1.910575883812271059e-05 7.760335574857890606e-05 2.604031033115461469e-05 2.069555921480059624e-05 3.701248497236520052e-04 5.960691487416625023e-05 3.734829078894108534e-05 6.017732084728777409e-05 2.922783896792680025e-04 2.150379441445693374e-05 5.138638152857311070e-05 8.683623491378966719e-06 1.365568004985107109e-05 7.266260217875242233e-05 2.183386641263496131e-05 1.224792067660018802e-04 1.673666556598618627e-04 3.253200848121196032e-04 5.160461296327412128e-04 1.117905951105058193e-03 1.855962094850838184e-03 5.136680323630571365e-03 2.213522233068943024e-02 9.964880347251892090e-02 1.460074633359909058e-02 9.087765589356422424e-03 1.408040407113730907e-03 1.039028793456964195e-04 5.305788945406675339e-04 3.278743242844939232e-04 9.393406216986477375e-04 1.031759020406752825e-04 9.058149880729615688e-04 1.185360670206137002e-04 9.170080738840624690e-05 3.688009383040480316e-05 4.853252903558313847e-05 4.312660530558787286e-05 2.029705683526117355e-05 2.329020753677468747e-05 2.197671892645303160e-05 1.938719469762872905e-05
1.343925105175003409e-04 4.525066469796001911e-05 3.571490378817543387e-05 7.871286652516573668e-05 1.783486222848296165e-04 7.390930113615468144e-05 2.796370827127248049e-04 1.346418983303010464e-03 5.387395503930747509e-04 2.014135825447738171e-04 2.051714254776015878e-04 6.943503976799547672e-04 1.023117732256650925e-02 2.987798536196351051e-03 2.195618813857436180e-03 1.125249359756708145e-02 7.981033064424991608e-03 5.713105201721191406e-03 1.076755961548769847e-05 1.590287871658802032e-02 2.743981964886188507e-02 1.400479022413492203e-02 2.224697498604655266e-03 6.363678723573684692e-03 3.034455003216862679e-03 8.830779697746038437e-04 5.445378483273088932e-04 3.189380804542452097e-04 1.133958794525824487e-04 5.910139225306920707e-05 1.049089187290519476e-04 1.178419988718815148e-04 9.271411545341834426e-05 2.481551782693713903e-04 3.609494524425826967e-05 1.933811836352106184e-05 3.186198227922432125e-05 2.568459894973784685e-04 7.177539373515173793e-05 3.394594750716350973e-05 2.200658491346985102e-05 2.540531568229198456e-05 2.389589099038857967e-05 6.199842755449935794e-05 2.953216026071459055e-04 4.136535571888089180e-04 2.108270855387672782e-04 6.945518776774406433e-03 3.890418214723467827e-03 1.573150977492332458e-03 4.025408532470464706e-03 2.392366342246532440e-02 8.148326538503170013e-03 7.041722070425748825e-03 1.423350721597671509e-02 1.396789797581732273e-03 1.748024806147441268e-04 8.279146277345716953e-04 7.559661171399056911e-04 3.935006971005350351e-04 2.306054084328934550e-04 3.738646919373422861e-04 2.125313476426526904e-04 1.121234454330988228e-04 1.241688441950827837e-04 2.946539607364684343e-04 4.774222907144576311e-05 2.576782571850344539e-05 2.835332088579889387e-05 4.424099097377620637e-05 2.830410812748596072e-05
6.405917520169168711e-05 3.031056257896125317e-05 4.154974885750561953e-05 4.364720734884031117e-05 2.028791932389140129e-04 2.488376339897513390e-04 1.683329581283032894e-03 5.607962375506758690e-04 4.707073967438191175e-04 8.289905381388962269e-04 2.613795513752847910e-04 1.363022369332611561e-03 6.904637906700372696e-03 6.168032065033912659e-03 2.816285006701946259e-03 5.528315901756286621e-03 2.940842323005199432e-02 6.360698956996202469e-03 1.590287871658802032e-02 1.613173844816628844e-05 1.142741460353136063e-02 1.157375331968069077e-02 2.708620624616742134e-03 1.119611086323857307e-03 1.456106547266244888e-03 3.853713569696992636e-04 3.807362809311598539e-04 3.622848016675561666e-04 1.796291762730106711e-04 4.399472163640893996e-05 3.239434226998127997e-05 4.685892781708389521e-05 5.982032234896905720e-05 3.763091444852761924e-05 5.115491512697190046e-05 5.897406663279980421e-05 4.864166476181708276e-05 3.040399460587650537e-04 2.017349324887618423e-04 2.443556149955838919e-05 2.025406138272956014e-05 3.423235102673061192e-05 4.535954576567746699e-05 4.553486724034883082e-05 2.117074764100834727e-04 6.695025949738919735e-04 2.354928146814927459e-04 5.024907295592129230e-04 9.784897556528449059e-04 2.665980719029903412e-03 1.128125190734863281e-01 1.104516070336103439e-02 5.730442702770233154e-03 9.561321698129177094e-03 1.469614566303789616e-03 4.883582587353885174e-04 5.130714271217584610e-04 4.648802278097718954e-04 2.980642893817275763e-04 4.724262689705938101e-04 4.172157205175608397e-04 1.903002848848700523e-04 1.459161721868440509e-04 1.191697301692329347e-04 3.478112339507788420e-04 1.144215930253267288e-04 4.871844794251956046e-05 2.589284304121974856e-05 2.124049206031486392e-05 4.105469633941538632e-05 1.483146388636669144e-05
5.012713154428638518e-05 2.270962613692972809e-05 4.155348869971930981e-05 5.254162897472269833e-05 3.224485844839364290e-04 4.815924039576202631e-04 1.572593115270137787e-03 9.265956468880176544e-04 9.459808934479951859e-04 6.014995160512626171e-04 4.974777111783623695e-04 4.874204751104116440e-04 7.520631421357393265e-03 7.347177714109420776e-03 1.223807502537965775e-02 2.769115148112177849e-03 2.861468819901347160e-03 1.612846367061138153e-02 2.743981964886188507e-02 1.142741460353136063e-02 9.328005035058595240e-06 2.695927163586020470e-03 2.570213284343481064e-03 1.070326310582458973e-03 5.911717307753860950e-04 4.878092149738222361e-04 3.161582571920007467e-04 3.874450630974024534e-04 6.005417671985924244e-04 3.102215850958600640e-05 3.078182271565310657e-05 3.643292075139470398e-05 3.949906749767251313e-05 1.055451939464546740e-04 5.240329483058303595e-05 9.463663445785641670e-05 7.996179920155555010e-05 6.235804175958037376e-04 1.230349880643188953e-04 4.647914829547517002e-05 2.123056947311852127e-05 2.997634146595373750e-05 6.267193384701386094e-05 9.130252146860584617e-05 2.193184336647391319e-04 3.913248656317591667e-04 2.477228117641061544e-04 1.442252076230943203e-03 5.797025281935930252e-03 6.536725163459777832e-02 7.649445440620183945e-03 5.082477815449237823e-03 8.559574373066425323e-03 2.075459342449903488e-03 7.255114614963531494e-04 1.234966446645557880e-03 3.056623099837452173e-04 7.343126926571130753e-04 5.107914912514388561e-04 3.639144415501505136e-04 2.453461056575179100e-04 3.790546033997088671e-04 1.097324784495867789e-04 1.442493958165869117e-04 1.287082908675074577e-03 1.094258623197674751e-04 6.851663056295365095e-05 3.037624082935508341e-05 2.081665479636285454e-05 3.488042057142592967e-05 1.607798003533389419e-05
8.638013969175517559e-05 1.729767245706170797e-05 4.434267248143441975e-05 5.011933171772398055e-05 1.440310152247548103e-04 7.352288812398910522e-04 3.869592910632491112e-03 1.450985088013112545e-03 5.379475769586861134e-04 3.065148193854838610e-04 8.592450176365673542e-04 1.783915329724550247e-03 3.014750080183148384e-03 7.710313890129327774e-03 6.277311127632856369e-03 1.420977059751749039e-03 7.705407682806253433e-03 9.441781044006347656e-02 1.400479022413492203e-02 1.157375331968069077e-02 2.695927163586020470e-03 1.138891093432903290e-05 3.036722540855407715e-03 1.217863871715962887e-03 5.612598615698516369e-04 3.922053438145667315e-04 5.854613264091312885e-04 9.658476919867098331e-04 2.423918340355157852e-04 2.967237924167420715e-05 1.055854863807326183e-05 1.118321506510255858e-05 4.554998304229229689e-05 1.099026630981825292e-04 5.749365664087235928e-04 1.708487252471968532e-04 1.856529270298779011e-04 7.440469344146549702e-04 1.263586891582235694e-04 1.443312430637888610e-05 1.447113118047127500e-05 2.394106741121504456e-05 3.614503657445311546e-05 2.513524668756872416e-04 1.037242938764393330e-03 5.760498461313545704e-04 2.535087522119283676e-03 1.601098221726715565e-03 1.355642080307006836e-01 2.489665150642395020e-02 1.811190159060060978e-03 8.952909149229526520e-03 7.418762892484664917e-03 1.862476207315921783e-02 2.063630335032939911e-02 1.915888278745114803e-04 2.128569176420569420e-04 2.307822578586637974e-04 2.983837912324815989e-04 2.892942284233868122e-04 3.369788173586130142e-04 1.815796131268143654e-04 6.832163198851048946e-04 2.325238892808556557e-04 6.756926886737346649e-04 1.857872121036052704e-04 2.569897333160042763e-05 1.400570999976480380e-05 1.145138867286732420e-05 2.473855965945404023e-05 2.428895095363259315e-05
